163
137
92
172
69
11
139
93
123
28
142
101
49
109
94
44
175
18
173
195
95
135
30
210
181
51
90
166
98
196
105
12
116
219
155
202
191
229
223
80
255
0
55
221
226
67
170
130
65
254
64
43
45
25
6
33
68
127
184
133
53
190
180
158
224
185
125
225
206
204
234
52
193
150
148
46
38
153
211
21
7
106
183
152
19
112
197
209
141
9
205
188
218
29
203
129
87
75
23
50
201
251
102
121
132
147
239
233
138
115
134
3
31
86
238
213
177
108
200
103
104
26
58
126
164
17
214
47
99
42
60
10
227
48
242
151
167
84
110
212
179
252
217
62
85
162
199
1
20
253
250
40
159
247
72
245
182
89
228
22
14
54
81
56
113
2
136
82
36
186
222
70
246
79
107
174
73
189
96
63
41
216
187
161
156
140
168
194
176
35
240
243
160
220
169
144
232
192
27
235
120
71
249
8
97
61
248
24
157
118
15
231
39
128
114
57
13
59
244
143
149
16
145
76
122
198
241
88
117
100
165
236
237
83
207
215
119
131
124
74
5
78
178
37
32
230
34
91
4
77
111
154
171
66
146
208